[header]
width=20
height=40
tilewidth=16
tileheight=16
orientation=orthogonal

[tilesets]
tileset=baseTileset.png,16,16,0,0

[layer]
type=Calque de Tile 1
data=
1,2,2,2,2,2,2,2,2,2,2,2,2,2,2,2,2,2,3,256,
17,256,256,256,256,256,256,256,256,256,256,256,256,256,256,256,256,256,19,256,
17,256,256,256,256,256,256,256,256,256,256,256,256,256,256,256,256,256,19,256,
17,256,256,18,256,256,256,256,256,256,256,256,256,256,256,18,256,256,19,256,
17,256,256,256,256,256,256,256,256,256,256,256,256,256,256,256,256,256,19,256,
17,256,256,256,256,256,256,256,256,256,256,256,256,256,256,256,256,256,19,256,
17,256,256,256,256,256,256,256,256,256,256,256,256,256,256,256,256,256,19,256,
17,256,256,256,256,256,256,256,256,256,256,256,256,256,256,256,256,256,19,256,
17,256,256,256,256,256,256,256,1,2,3,256,256,256,256,256,256,256,19,256,
17,256,256,256,256,256,256,256,17,18,19,256,256,256,256,256,256,256,19,256,
17,256,256,256,256,256,256,256,33,34,35,256,256,256,256,256,256,256,19,256,
17,256,256,256,256,256,256,256,256,256,256,256,256,256,256,256,256,256,19,256,
17,256,256,256,256,256,256,256,256,256,256,256,256,256,256,256,256,256,19,256,
17,256,256,256,256,256,256,256,256,256,256,256,256,256,256,256,256,256,19,256,
17,256,256,256,256,256,256,256,256,256,256,256,256,256,256,256,256,256,19,256,
17,256,256,256,256,256,256,256,256,256,256,256,256,256,256,256,256,256,19,256,
17,256,256,256,256,256,256,256,256,256,256,256,256,256,256,256,256,256,19,256,
17,256,256,256,256,256,256,256,256,256,256,256,256,256,256,256,256,256,19,256,
17,256,256,1,38,256,256,256,256,256,256,256,256,256,4,3,256,256,19,256,
17,256,256,17,256,256,256,256,256,256,256,256,256,256,256,19,256,256,19,256,
17,256,256,33,38,256,256,256,256,256,256,256,256,256,4,35,256,256,19,256,
17,256,256,256,256,256,256,256,256,256,256,256,256,256,256,256,256,256,19,256,
17,256,256,256,256,256,256,256,256,256,256,256,256,256,256,256,256,256,19,256,
17,256,256,256,256,256,256,256,256,256,256,256,256,256,256,256,256,256,19,256,
17,256,256,256,256,256,256,256,256,256,256,256,256,256,256,256,256,256,19,256,
17,256,256,256,256,256,256,256,256,256,256,256,256,256,256,256,256,256,19,256,
17,256,256,256,256,256,256,256,256,256,256,256,256,256,256,256,256,256,19,256,
17,256,256,256,256,256,256,256,256,256,256,256,256,256,256,256,256,256,19,256,
17,256,256,256,256,256,256,256,1,2,3,256,256,256,256,256,256,256,19,256,
17,256,256,256,256,256,256,256,17,18,19,256,256,256,256,256,256,256,19,256,
17,256,256,256,256,256,256,256,33,34,35,256,256,256,256,256,256,256,19,256,
17,256,256,256,256,256,256,256,256,256,256,256,256,256,256,256,256,256,19,256,
17,256,256,256,256,256,256,256,256,256,256,256,256,256,256,256,256,256,19,256,
17,256,256,256,256,256,256,256,256,256,256,256,256,256,256,256,256,256,19,256,
17,256,256,256,256,256,256,256,256,256,256,256,256,256,256,256,256,256,19,256,
17,256,256,18,256,256,256,256,256,256,256,256,256,256,256,18,256,256,19,256,
17,256,256,256,256,256,256,256,256,256,256,256,256,256,256,256,256,256,19,256,
17,256,256,256,256,256,256,256,256,256,256,256,256,256,256,256,256,256,19,256,
33,34,34,34,34,34,34,34,34,34,34,34,34,34,34,34,34,34,35,256,
256,256,256,256,256,256,256,256,256,256,256,256,256,256,256,256,256,256,256,256

[Starts]
# Robot1
type=Start
location=4,19,1,1

[Starts]
# Robot2
type=Start
location=14,19,1,1

