[header]
width=20
height=20
tilewidth=16
tileheight=16
orientation=orthogonal

[tilesets]
tileset=baseTileset.png,16,16,0,0

[layer]
type=Calque de Tile 1
data=
256,1,2,2,2,2,2,2,2,2,2,2,2,2,2,2,2,2,3,256,
1,35,256,256,256,256,256,256,256,256,256,256,256,256,256,256,256,256,33,3,
17,256,256,256,256,256,256,256,256,256,256,256,256,256,256,256,256,256,256,19,
17,256,256,1,5,3,256,256,256,256,256,256,256,256,1,5,3,256,256,19,
17,256,256,20,21,22,256,256,256,256,256,256,256,256,20,21,22,256,256,19,
17,256,256,33,37,35,256,256,256,256,256,256,256,256,33,37,35,256,256,19,
17,256,256,256,256,256,256,256,256,256,256,256,256,256,256,256,256,256,256,19,
17,256,256,256,256,256,256,256,256,256,256,256,256,256,256,256,256,256,256,19,
17,256,256,256,256,256,256,256,256,256,256,256,256,256,256,256,256,256,256,19,
17,256,256,256,256,256,256,256,18,256,256,18,256,256,256,256,256,256,256,19,
17,256,256,256,256,256,256,256,256,256,256,256,256,256,256,256,256,256,256,19,
17,256,256,256,256,256,256,256,256,256,256,256,256,256,256,256,256,256,256,19,
17,256,256,256,256,256,1,2,38,256,256,4,2,3,256,256,256,256,256,19,
17,256,256,256,256,256,17,256,256,256,256,256,256,19,256,256,256,256,256,19,
17,256,256,256,256,256,17,256,256,256,256,256,256,19,256,256,256,256,256,19,
17,256,256,256,256,256,17,256,256,256,256,256,256,19,256,256,256,256,256,19,
17,256,256,256,256,256,33,34,34,5,5,34,34,35,256,256,256,256,256,19,
17,256,256,256,256,256,256,256,256,20,22,256,256,256,256,256,256,256,256,19,
33,3,256,256,256,256,256,256,256,20,22,256,256,256,256,256,256,256,1,35,
256,33,34,34,34,34,34,34,34,37,37,34,34,34,34,34,34,34,35,256

[Starts]
# Start1
type=Start
location=11,18,1,1

[Starts]
# Start2
type=Start
location=8,18,1,1

